66000000 1 2 3 4
63000001 2 3 4 5
64000064 3 4 5 6
62000000 4 5 6 7
65000000 5 6 7 8
90100000 6 7 10 11
66600001 7 8 9 12
3046000b 8 10 -1 13
91100000 9 11 14 15
72320000 10 11 12 16
4020fffc 11 13 -1 17
b21a0000 12 -1 -1 -1
10520013 13 14 -1 -1
02500013 14 -1 -1 -1
66600001 16 17 18 19
3046000b 17 19 -1 20
91100000 18 19 22 23
72320000 19 20 21 24
4020fffc 20 23 -1 25
66600001 21 22 23 -1
3046000b 22 24 -1 -1
91100000 23 24 -1 -1
72320000 24 -1 -1 -1
b21a0000 26 27 32 33
10520013 27 28 -1 34
02500013 28 29 45 46
92200000 29 46 49 50
10520013 30 31 -1 51
65500001 31 32 33 52
2000fff5 32 -1 -1 53
66600001 34 35 36 54
3046000b 35 37 -1 55
91100000 36 37 40 56
72320000 37 38 39 57
4020fffc 38 40 -1 58
66600001 47 48 49 59
3046000b 51 52 -1 60
91100000 52 53 56 61
72320000 53 54 55 62
4020fffc 54 56 -1 63
66600001 55 57 -1 -1
3046000b 56 -1 -1 -1
91100000 57 -1 -1 -1
b21a0000 59 60 65 66
10520013 60 61 -1 67
02500013 61 62 78 79
92200000 62 79 82 83
10520013 63 64 -1 84
65500001 64 65 66 85
2000fff5 65 -1 -1 86
66600001 66 67 68 87
3046000b 67 69 -1 88
91100000 68 69 72 89
72320000 69 70 71 90
4020fffc 70 72 -1 91
66600001 80 81 82 92
3046000b 84 85 -1 93
91100000 85 86 89 94
72320000 86 87 88 95
4020fffc 87 89 -1 96
66600001 88 90 -1 -1
3046000b 89 -1 -1 -1
91100000 90 -1 -1 -1
b21a0000 92 93 98 99
10520013 93 94 -1 100
02500013 94 95 111 112
92200000 95 112 115 116
10520013 96 97 -1 117
65500001 97 98 99 118
2000fff5 98 -1 -1 119
66600001 99 100 101 120
3046000b 100 102 -1 121
91100000 101 102 105 122
72320000 102 103 104 123
4020fffc 103 105 -1 124
66600001 113 114 115 125
3046000b 117 118 -1 126
91100000 118 119 122 127
72320000 119 120 121 128
4020fffc 120 122 -1 129
66600001 121 123 -1 -1
3046000b 122 -1 -1 -1
91100000 123 -1 -1 -1
b21a0000 125 126 131 132
10520013 126 127 -1 133
02500013 127 128 144 145
92200000 128 145 148 149
10520013 129 130 -1 150
65500001 130 131 132 151
2000fff5 131 -1 -1 152
66600001 132 133 134 153
3046000b 133 135 -1 154
91100000 134 135 138 155
72320000 135 136 137 156
4020fffc 136 138 -1 157
66600001 146 147 148 158
3046000b 150 151 -1 159
91100000 151 152 155 160
72320000 152 153 154 161
4020fffc 153 155 -1 162
66600001 154 156 -1 -1
3046000b 155 -1 -1 -1
91100000 156 -1 -1 -1
b21a0000 158 159 164 165
10520013 159 160 -1 166
02500013 160 161 177 178
92200000 161 178 181 182
10520013 162 163 -1 183
65500001 163 164 165 184
2000fff5 164 -1 -1 185
66600001 165 166 167 186
3046000b 166 168 -1 187
91100000 167 168 171 188
72320000 168 169 170 189
4020fffc 169 171 -1 190
66600001 179 180 181 191
3046000b 183 184 -1 192
91100000 184 185 188 193
72320000 185 186 187 194
4020fffc 186 188 -1 195
66600001 187 189 -1 -1
3046000b 188 -1 -1 -1
91100000 189 -1 -1 -1
b21a0000 191 192 197 198
10520013 192 193 -1 199
02500013 193 194 210 211
92200000 194 211 214 215
10520013 195 196 -1 216
65500001 196 197 198 217
2000fff5 197 -1 -1 218
66600001 198 199 200 219
3046000b 199 201 -1 220
91100000 200 201 204 221
72320000 201 202 203 222
4020fffc 202 204 -1 223
66600001 212 213 214 224
3046000b 216 217 -1 225
91100000 217 218 221 226
72320000 218 219 220 227
4020fffc 219 221 -1 228
66600001 220 222 -1 -1
3046000b 221 -1 -1 -1
91100000 222 -1 -1 -1
b21a0000 224 225 230 231
10520013 225 226 -1 232
02500013 226 227 243 244
92200000 227 244 247 248
10520013 228 229 -1 249
65500001 229 230 231 250
2000fff5 230 -1 -1 251
66600001 231 232 233 252
3046000b 232 234 -1 253
91100000 233 234 237 254
72320000 234 235 236 255
4020fffc 235 237 -1 256
66600001 245 246 247 257
3046000b 249 250 -1 258
91100000 250 251 254 259
72320000 251 252 253 260
4020fffc 252 254 -1 261
66600001 253 255 -1 -1
3046000b 254 -1 -1 -1
91100000 255 -1 -1 -1
b21a0000 257 258 263 264
10520013 258 259 -1 265
02500013 259 260 276 277
92200000 260 277 280 281
10520013 261 262 -1 282
65500001 262 263 264 283
2000fff5 263 -1 -1 284
66600001 264 265 266 285
3046000b 265 267 -1 286
91100000 266 267 270 287
72320000 267 268 269 288
4020fffc 268 270 -1 289
66600001 278 279 280 290
3046000b 282 283 -1 291
91100000 283 284 287 292
72320000 284 285 286 293
4020fffc 285 287 -1 294
66600001 286 288 -1 -1
3046000b 287 -1 -1 -1
91100000 288 -1 -1 -1
b21a0000 290 291 296 297
10520013 291 292 -1 298
02500013 292 293 309 310
92200000 293 310 313 314
10520013 294 295 -1 315
65500001 295 296 297 316
2000fff5 296 -1 -1 317
66600001 297 298 299 318
3046000b 298 300 -1 319
91100000 299 300 303 320
72320000 300 301 302 321
4020fffc 301 303 -1 322
66600001 311 312 313 323
3046000b 315 316 -1 324
91100000 316 317 320 325
72320000 317 318 319 326
4020fffc 318 320 -1 327
66600001 319 321 -1 -1
3046000b 320 -1 -1 -1
91100000 321 -1 -1 -1
b21a0000 323 324 329 330
10520013 324 325 -1 331
02500013 325 326 342 343
92200000 326 343 346 347
10520013 327 328 -1 348
65500001 328 329 330 349
2000fff5 329 -1 -1 350
66600001 330 331 332 351
3046000b 331 333 -1 352
91100000 332 333 336 353
72320000 333 334 335 354
4020fffc 334 336 -1 355
66600001 344 345 346 356
3046000b 348 349 -1 357
91100000 349 350 353 358
72320000 350 351 352 359
4020fffc 351 353 -1 360
66600001 352 354 -1 -1
3046000b 353 -1 -1 -1
91100000 354 -1 -1 -1
b21a0000 356 357 362 363
10520013 357 358 -1 364
02500013 358 359 375 376
92200000 359 376 379 380
10520013 360 361 -1 381
65500001 361 362 363 382
2000fff5 362 -1 -1 383
66600001 363 364 365 384
3046000b 364 366 -1 385
91100000 365 366 369 386
72320000 366 367 368 387
4020fffc 367 369 -1 388
66600001 377 378 379 389
3046000b 381 382 -1 390
91100000 382 383 386 391
72320000 383 384 385 392
4020fffc 384 386 -1 393
66600001 385 387 -1 -1
3046000b 386 -1 -1 -1
91100000 387 -1 -1 -1
b21a0000 389 390 395 396
10520013 390 391 -1 397
02500013 391 392 408 409
92200000 392 409 412 413
10520013 393 394 -1 414
65500001 394 395 396 415
2000fff5 395 -1 -1 416
66600001 396 397 398 417
3046000b 397 399 -1 418
91100000 398 399 402 419
72320000 399 400 401 420
4020fffc 400 402 -1 421
66600001 410 411 412 422
3046000b 414 415 -1 423
91100000 415 416 419 424
72320000 416 417 418 425
4020fffc 417 419 -1 426
66600001 418 420 -1 -1
3046000b 419 -1 -1 -1
91100000 420 -1 -1 -1
b21a0000 422 423 428 429
10520013 423 424 -1 430
02500013 424 425 441 442
92200000 425 442 445 446
10520013 426 427 -1 447
65500001 427 428 429 448
2000fff5 428 -1 -1 449
66600001 429 430 431 450
3046000b 430 432 -1 451
91100000 431 432 435 452
72320000 432 433 434 453
4020fffc 433 435 -1 454
66600001 443 444 445 455
3046000b 447 448 -1 456
91100000 448 449 452 457
72320000 449 450 451 458
4020fffc 450 452 -1 459
66600001 451 453 -1 -1
3046000b 452 -1 -1 -1
91100000 453 -1 -1 -1
b21a0000 455 456 461 462
10520013 456 457 -1 463
02500013 457 458 474 475
92200000 458 475 478 479
10520013 459 460 -1 480
65500001 460 461 462 481
2000fff5 461 -1 -1 482
66600001 462 463 464 483
3046000b 463 465 -1 484
91100000 464 465 468 485
72320000 465 466 467 486
4020fffc 466 468 -1 487
66600001 476 477 478 488
3046000b 480 481 -1 489
91100000 481 482 485 490
72320000 482 483 484 491
4020fffc 483 485 -1 492
66600001 484 486 -1 -1
3046000b 485 -1 -1 -1
91100000 486 -1 -1 -1
b21a0000 488 489 494 495
10520013 489 490 -1 496
02500013 490 491 507 508
92200000 491 508 511 512
10520013 492 493 -1 513
65500001 493 494 495 514
2000fff5 494 -1 -1 515
66600001 495 496 497 516
3046000b 496 498 -1 517
91100000 497 498 501 518
72320000 498 499 500 519
4020fffc 499 501 -1 520
66600001 509 510 511 521
3046000b 513 514 -1 522
91100000 514 515 518 523
72320000 515 516 517 524
4020fffc 516 518 -1 525
66600001 517 519 -1 -1
3046000b 518 -1 -1 -1
91100000 519 -1 -1 -1
b21a0000 521 522 527 528
10520013 522 523 -1 529
02500013 523 524 540 541
92200000 524 541 544 545
10520013 525 526 -1 546
65500001 526 527 528 547
2000fff5 527 -1 -1 548
66600001 528 529 530 549
3046000b 529 531 -1 550
91100000 530 531 534 551
72320000 531 532 533 552
4020fffc 532 534 -1 553
66600001 542 543 544 554
3046000b 546 547 -1 555
91100000 547 548 551 556
72320000 548 549 550 557
4020fffc 549 551 -1 558
66600001 550 552 -1 -1
3046000b 551 -1 -1 -1
91100000 552 -1 -1 -1
b21a0000 554 555 560 561
10520013 555 556 -1 562
02500013 556 557 573 574
92200000 557 574 577 578
10520013 558 559 -1 579
65500001 559 560 561 580
2000fff5 560 -1 -1 581
66600001 561 562 563 582
3046000b 562 564 -1 583
91100000 563 564 567 584
72320000 564 565 566 585
4020fffc 565 567 -1 586
66600001 575 576 577 587
3046000b 579 580 -1 588
91100000 580 581 584 589
72320000 581 582 583 590
4020fffc 582 584 -1 591
66600001 583 585 -1 -1
3046000b 584 -1 -1 -1
91100000 585 -1 -1 -1
b21a0000 587 588 593 594
10520013 588 589 -1 595
02500013 589 590 606 607
92200000 590 607 610 611
10520013 591 592 -1 612
65500001 592 593 594 613
2000fff5 593 -1 -1 614
66600001 594 595 596 615
3046000b 595 597 -1 616
91100000 596 597 600 617
72320000 597 598 599 618
4020fffc 598 600 -1 619
66600001 608 609 610 620
3046000b 612 613 -1 621
91100000 613 614 617 622
72320000 614 615 616 623
4020fffc 615 617 -1 624
66600001 616 618 -1 -1
3046000b 617 -1 -1 -1
91100000 618 -1 -1 -1
b21a0000 620 621 626 627
10520013 621 622 -1 628
02500013 622 623 639 640
92200000 623 640 643 644
10520013 624 625 -1 645
65500001 625 626 627 646
2000fff5 626 -1 -1 647
66600001 627 628 629 648
3046000b 628 630 -1 649
91100000 629 630 633 650
72320000 630 631 632 651
4020fffc 631 633 -1 652
66600001 641 642 643 653
3046000b 645 646 -1 654
91100000 646 647 650 655
72320000 647 648 649 656
4020fffc 648 650 -1 657
66600001 649 651 -1 -1
3046000b 650 -1 -1 -1
91100000 651 -1 -1 -1
b21a0000 653 654 659 660
10520013 654 655 -1 661
02500013 655 656 672 673
92200000 656 673 676 677
10520013 657 658 -1 678
65500001 658 659 660 679
2000fff5 659 -1 -1 680
66600001 660 661 662 681
3046000b 661 663 -1 682
91100000 662 663 666 683
72320000 663 664 665 684
4020fffc 664 666 -1 685
66600001 674 675 676 686
3046000b 678 679 -1 687
91100000 679 680 683 688
72320000 680 681 682 689
4020fffc 681 683 -1 690
66600001 682 684 -1 -1
3046000b 683 -1 -1 -1
91100000 684 -1 -1 -1
b21a0000 686 687 692 693
10520013 687 688 -1 694
02500013 688 689 705 706
92200000 689 706 709 710
10520013 690 691 -1 711
65500001 691 692 693 712
2000fff5 692 -1 -1 713
66600001 693 694 695 714
3046000b 694 696 -1 715
91100000 695 696 699 716
72320000 696 697 698 717
4020fffc 697 699 -1 718
66600001 707 708 709 719
3046000b 711 712 -1 720
91100000 712 713 716 721
72320000 713 714 715 722
4020fffc 714 716 -1 723
66600001 715 717 -1 -1
3046000b 716 -1 -1 -1
91100000 717 -1 -1 -1
b21a0000 719 720 725 726
10520013 720 721 -1 727
02500013 721 722 738 739
92200000 722 739 742 743
10520013 723 724 -1 744
65500001 724 725 726 745
2000fff5 725 -1 -1 746
66600001 726 727 728 747
3046000b 727 729 -1 748
91100000 728 729 732 749
72320000 729 730 731 750
4020fffc 730 732 -1 751
66600001 740 741 742 752
3046000b 744 745 -1 753
91100000 745 746 749 754
72320000 746 747 748 755
4020fffc 747 749 -1 756
66600001 748 750 -1 -1
3046000b 749 -1 -1 -1
91100000 750 -1 -1 -1
b21a0000 752 753 758 759
10520013 753 754 -1 760
02500013 754 755 771 772
92200000 755 772 775 776
10520013 756 757 -1 777
65500001 757 758 759 778
2000fff5 758 -1 -1 779
66600001 759 760 761 780
3046000b 760 762 -1 781
91100000 761 762 765 782
72320000 762 763 764 783
4020fffc 763 765 -1 784
66600001 773 774 775 785
3046000b 777 778 -1 786
91100000 778 779 782 787
72320000 779 780 781 788
4020fffc 780 782 -1 789
66600001 781 783 -1 -1
3046000b 782 -1 -1 -1
91100000 783 -1 -1 -1
b21a0000 785 786 791 792
10520013 786 787 -1 793
02500013 787 788 804 805
92200000 788 805 808 809
10520013 789 790 -1 810
65500001 790 791 792 811
2000fff5 791 -1 -1 812
66600001 792 793 794 813
3046000b 793 795 -1 814
91100000 794 795 798 815
72320000 795 796 797 816
4020fffc 796 798 -1 817
66600001 806 807 808 818
3046000b 810 811 -1 819
91100000 811 812 815 820
72320000 812 813 814 821
4020fffc 813 815 -1 822
66600001 814 816 -1 -1
3046000b 815 -1 -1 -1
91100000 816 -1 -1 -1
b21a0000 818 819 824 825
10520013 819 820 -1 826
02500013 820 821 837 838
92200000 821 838 841 842
10520013 822 823 -1 843
65500001 823 824 825 844
2000fff5 824 -1 -1 845
66600001 825 826 827 846
3046000b 826 828 -1 847
91100000 827 828 831 848
72320000 828 829 830 849
4020fffc 829 831 -1 850
66600001 839 840 841 851
3046000b 843 844 -1 852
91100000 844 845 848 853
72320000 845 846 847 854
4020fffc 846 848 -1 855
66600001 847 849 -1 -1
3046000b 848 -1 -1 -1
91100000 849 -1 -1 -1
b21a0000 851 852 857 858
10520013 852 853 -1 859
02500013 853 854 870 871
92200000 854 871 874 875
10520013 855 856 -1 876
65500001 856 857 858 877
2000fff5 857 -1 -1 878
66600001 858 859 860 879
3046000b 859 861 -1 880
91100000 860 861 864 881
72320000 861 862 863 882
4020fffc 862 864 -1 883
66600001 872 873 874 884
3046000b 876 877 -1 885
91100000 877 878 881 886
72320000 878 879 880 887
4020fffc 879 881 -1 888
66600001 880 882 -1 -1
3046000b 881 -1 -1 -1
91100000 882 -1 -1 -1
b21a0000 884 885 890 891
10520013 885 886 -1 892
02500013 886 887 903 904
92200000 887 904 907 908
10520013 888 889 -1 909
65500001 889 890 891 910
2000fff5 890 -1 -1 911
66600001 891 892 893 912
3046000b 892 894 -1 913
91100000 893 894 897 914
72320000 894 895 896 915
4020fffc 895 897 -1 916
66600001 905 906 907 917
3046000b 909 910 -1 918
91100000 910 911 914 919
72320000 911 912 913 920
4020fffc 912 914 -1 921
66600001 913 915 -1 -1
3046000b 914 -1 -1 -1
91100000 915 -1 -1 -1
b21a0000 917 918 923 924
10520013 918 919 -1 925
02500013 919 920 936 937
92200000 920 937 940 941
10520013 921 922 -1 942
65500001 922 923 924 943
2000fff5 923 -1 -1 944
66600001 924 925 926 945
3046000b 925 927 -1 946
91100000 926 927 930 947
72320000 927 928 929 948
4020fffc 928 930 -1 949
66600001 938 939 940 950
3046000b 942 943 -1 951
91100000 943 944 947 952
72320000 944 945 946 953
4020fffc 945 947 -1 954
66600001 946 948 -1 -1
3046000b 947 -1 -1 -1
91100000 948 -1 -1 -1
b21a0000 950 951 956 957
10520013 951 952 -1 958
02500013 952 953 969 970
92200000 953 970 973 974
10520013 954 955 -1 975
65500001 955 956 957 976
2000fff5 956 -1 -1 977
66600001 957 958 959 978
3046000b 958 960 -1 979
91100000 959 960 963 980
72320000 960 961 962 981
4020fffc 961 963 -1 982
66600001 971 972 973 983
3046000b 975 976 -1 984
91100000 976 977 980 985
72320000 977 978 979 986
4020fffc 978 980 -1 987
66600001 979 981 -1 -1
3046000b 980 -1 -1 -1
91100000 981 -1 -1 -1
b21a0000 983 984 989 990
10520013 984 985 -1 991
02500013 985 986 1002 1003
92200000 986 1003 1006 1007
10520013 987 988 -1 1008
65500001 988 989 990 1009
2000fff5 989 -1 -1 1010
66600001 990 991 992 1011
3046000b 991 993 -1 1012
91100000 992 993 996 1013
72320000 993 994 995 1014
4020fffc 994 996 -1 1015
66600001 1004 1005 1006 1016
3046000b 1008 1009 -1 1017
91100000 1009 1010 1013 1018
72320000 1010 1011 1012 1019
4020fffc 1011 1013 -1 1020
66600001 1012 1014 -1 -1
3046000b 1013 -1 -1 -1
91100000 1014 -1 -1 -1
b21a0000 1016 1017 1022 1023
10520013 1017 1018 -1 1024
02500013 1018 1019 1035 1036
92200000 1019 1036 1039 1040
10520013 1020 1021 -1 1041
65500001 1021 1022 1023 1042
2000fff5 1022 -1 -1 1043
66600001 1023 1024 1025 1044
3046000b 1024 1026 -1 1045
91100000 1025 1026 1029 1046
72320000 1026 1027 1028 1047
4020fffc 1027 1029 -1 1048
66600001 1037 1038 1039 1049
3046000b 1041 1042 -1 1050
91100000 1042 1043 1046 1051
72320000 1043 1044 1045 1052
4020fffc 1044 1046 -1 1053
66600001 1045 1047 -1 -1
3046000b 1046 -1 -1 -1
91100000 1047 -1 -1 -1
b21a0000 1049 1050 1055 1056
10520013 1050 1051 -1 1057
02500013 1051 1052 1068 1069
92200000 1052 1069 1072 1073
10520013 1053 1054 -1 1074
65500001 1054 1055 1056 1075
2000fff5 1055 -1 -1 1076
66600001 1056 1057 1058 1077
3046000b 1057 1059 -1 1078
91100000 1058 1059 1062 1079
72320000 1059 1060 1061 1080
4020fffc 1060 1062 -1 1081
66600001 1070 1071 1072 1082
3046000b 1074 1075 -1 1083
91100000 1075 1076 1079 1084
72320000 1076 1077 1078 1085
4020fffc 1077 1079 -1 1086
66600001 1078 1080 -1 -1
3046000b 1079 -1 -1 -1
91100000 1080 -1 -1 -1
b21a0000 1082 1083 1088 1089
10520013 1083 1084 -1 1090
02500013 1084 1085 1101 1102
92200000 1085 1102 1105 1106
10520013 1086 1087 -1 1107
65500001 1087 1088 1089 1108
2000fff5 1088 -1 -1 1109
66600001 1089 1090 1091 1110
3046000b 1090 1092 -1 1111
91100000 1091 1092 1095 1112
72320000 1092 1093 1094 1113
4020fffc 1093 1095 -1 1114
66600001 1103 1104 1105 1115
3046000b 1107 1108 -1 1116
91100000 1108 1109 1112 1117
72320000 1109 1110 1111 1118
4020fffc 1110 1112 -1 1119
66600001 1111 1113 -1 -1
3046000b 1112 -1 -1 -1
91100000 1113 -1 -1 -1
b21a0000 1115 1116 1121 1122
10520013 1116 1117 -1 1123
02500013 1117 1118 1134 1135
92200000 1118 1135 1138 1139
10520013 1119 1120 -1 1140
65500001 1120 1121 1122 1141
2000fff5 1121 -1 -1 1142
66600001 1122 1123 1124 1143
3046000b 1123 1125 -1 1144
91100000 1124 1125 1128 1145
72320000 1125 1126 1127 1146
4020fffc 1126 1128 -1 1147
66600001 1136 1137 1138 1148
3046000b 1140 1141 -1 1149
91100000 1141 1142 1145 1150
72320000 1142 1143 1144 1151
4020fffc 1143 1145 -1 1152
66600001 1144 1146 -1 -1
3046000b 1145 -1 -1 -1
91100000 1146 -1 -1 -1
b21a0000 1148 1149 1154 1155
10520013 1149 1150 -1 1156
02500013 1150 1151 1167 1168
92200000 1151 1168 1171 1172
10520013 1152 1153 -1 1173
65500001 1153 1154 1155 1174
2000fff5 1154 -1 -1 1175
66600001 1155 1156 1157 1176
3046000b 1156 1158 -1 1177
91100000 1157 1158 1161 1178
72320000 1158 1159 1160 1179
4020fffc 1159 1161 -1 1180
66600001 1169 1170 1171 1181
3046000b 1173 1174 -1 1182
91100000 1174 1175 1178 1183
72320000 1175 1176 1177 1184
4020fffc 1176 1178 -1 1185
66600001 1177 1179 -1 -1
3046000b 1178 -1 -1 -1
91100000 1179 -1 -1 -1
b21a0000 1181 1182 1187 1188
10520013 1182 1183 -1 1189
02500013 1183 1184 1200 1201
92200000 1184 1201 1204 1205
10520013 1185 1186 -1 1206
65500001 1186 1187 1188 1207
2000fff5 1187 -1 -1 1208
66600001 1188 1189 1190 1209
3046000b 1189 1191 -1 1210
91100000 1190 1191 1194 1211
72320000 1191 1192 1193 1212
4020fffc 1192 1194 -1 1213
66600001 1202 1203 1204 1214
3046000b 1206 1207 -1 1215
91100000 1207 1208 1211 1216
72320000 1208 1209 1210 1217
4020fffc 1209 1211 -1 1218
66600001 1210 1212 -1 -1
3046000b 1211 -1 -1 -1
91100000 1212 -1 -1 -1
b21a0000 1214 1215 1220 1221
10520013 1215 1216 -1 1222
02500013 1216 1217 1233 1234
92200000 1217 1234 1237 1238
10520013 1218 1219 -1 1239
65500001 1219 1220 1221 1240
2000fff5 1220 -1 -1 1241
66600001 1221 1222 1223 1242
3046000b 1222 1224 -1 1243
91100000 1223 1224 1227 1244
72320000 1224 1225 1226 1245
4020fffc 1225 1227 -1 1246
66600001 1235 1236 1237 1247
3046000b 1239 1240 -1 1248
91100000 1240 1241 1244 1249
72320000 1241 1242 1243 1250
4020fffc 1242 1244 -1 1251
66600001 1243 1245 -1 -1
3046000b 1244 -1 -1 -1
91100000 1245 -1 -1 -1
b21a0000 1247 1248 1253 1254
10520013 1248 1249 -1 1255
02500013 1249 1250 1266 1267
92200000 1250 1267 1270 1271
10520013 1251 1252 -1 1272
65500001 1252 1253 1254 1273
2000fff5 1253 -1 -1 1274
66600001 1254 1255 1256 1275
3046000b 1255 1257 -1 1276
91100000 1256 1257 1260 1277
72320000 1257 1258 1259 1278
4020fffc 1258 1260 -1 1279
66600001 1268 1269 1270 1280
3046000b 1272 1273 -1 1281
91100000 1273 1274 1277 1282
72320000 1274 1275 1276 1283
4020fffc 1275 1277 -1 1284
66600001 1276 1278 -1 -1
3046000b 1277 -1 -1 -1
91100000 1278 -1 -1 -1
b21a0000 1280 1281 1286 1287
10520013 1281 1282 -1 1288
02500013 1282 1283 1299 1300
92200000 1283 1300 1303 1304
10520013 1284 1285 -1 1305
65500001 1285 1286 1287 1306
2000fff5 1286 -1 -1 1307
66600001 1287 1288 1289 1308
3046000b 1288 1290 -1 1309
91100000 1289 1290 1293 1310
72320000 1290 1291 1292 1311
4020fffc 1291 1293 -1 1312
66600001 1301 1302 1303 1313
3046000b 1305 1306 -1 1314
91100000 1306 1307 1310 1315
72320000 1307 1308 1309 1316
4020fffc 1308 1310 -1 1317
66600001 1309 1311 -1 -1
3046000b 1310 -1 -1 -1
91100000 1311 -1 -1 -1
b21a0000 1313 1314 1319 1320
10520013 1314 1315 -1 1321
02500013 1315 1316 1332 1333
92200000 1316 1333 1336 1337
10520013 1317 1318 -1 1338
65500001 1318 1319 1320 1339
2000fff5 1319 -1 -1 1340
66600001 1320 1321 1322 1341
3046000b 1321 1323 -1 1342
91100000 1322 1323 1326 1343
72320000 1323 1324 1325 1344
4020fffc 1324 1326 -1 1345
66600001 1334 1335 1336 1346
3046000b 1338 1339 -1 1347
91100000 1339 1340 1343 1348
72320000 1340 1341 1342 1349
4020fffc 1341 1343 -1 1350
66600001 1342 1344 -1 -1
3046000b 1343 -1 -1 -1
91100000 1344 -1 -1 -1
b21a0000 1346 1347 1352 1353
10520013 1347 1348 -1 1354
02500013 1348 1349 1365 1366
92200000 1349 1366 1369 1370
10520013 1350 1351 -1 1371
65500001 1351 1352 1353 1372
2000fff5 1352 -1 -1 1373
66600001 1353 1354 1355 1374
3046000b 1354 1356 -1 1375
91100000 1355 1356 1359 1376
72320000 1356 1357 1358 1377
4020fffc 1357 1359 -1 1378
66600001 1367 1368 1369 1379
3046000b 1371 1372 -1 1380
91100000 1372 1373 1376 1381
72320000 1373 1374 1375 1382
4020fffc 1374 1376 -1 1383
66600001 1375 1377 -1 -1
3046000b 1376 -1 -1 -1
91100000 1377 -1 -1 -1
b21a0000 1379 1380 1385 1386
10520013 1380 1381 -1 1387
02500013 1381 1382 1398 1399
92200000 1382 1399 1402 1403
10520013 1383 1384 -1 1404
65500001 1384 1385 1386 1405
2000fff5 1385 -1 -1 1406
66600001 1386 1387 1388 1407
3046000b 1387 1389 -1 1408
91100000 1388 1389 1392 1409
72320000 1389 1390 1391 1410
4020fffc 1390 1392 -1 1411
66600001 1400 1401 1402 1412
3046000b 1404 1405 -1 1413
91100000 1405 1406 1409 1414
72320000 1406 1407 1408 1415
4020fffc 1407 1409 -1 1416
66600001 1408 1410 -1 -1
3046000b 1409 -1 -1 -1
91100000 1410 -1 -1 -1
b21a0000 1412 1413 1418 1419
10520013 1413 1414 -1 1420
02500013 1414 1415 1431 1432
92200000 1415 1432 1435 1436
10520013 1416 1417 -1 1437
65500001 1417 1418 1419 1438
2000fff5 1418 -1 -1 1439
66600001 1419 1420 1421 1440
3046000b 1420 1422 -1 1441
91100000 1421 1422 1425 1442
72320000 1422 1423 1424 1443
4020fffc 1423 1425 -1 1444
66600001 1433 1434 1435 1445
3046000b 1437 1438 -1 1446
91100000 1438 1439 1442 1447
72320000 1439 1440 1441 1448
4020fffc 1440 1442 -1 1449
66600001 1441 1443 -1 -1
3046000b 1442 -1 -1 -1
91100000 1443 -1 -1 -1
b21a0000 1445 1446 1451 1452
10520013 1446 1447 -1 1453
02500013 1447 1448 1464 1465
92200000 1448 1465 1468 1469
10520013 1449 1450 -1 1470
65500001 1450 1451 1452 1471
2000fff5 1451 -1 -1 1472
66600001 1452 1453 1454 1473
3046000b 1453 1455 -1 1474
91100000 1454 1455 1458 1475
72320000 1455 1456 1457 1476
4020fffc 1456 1458 -1 1477
66600001 1466 1467 1468 1478
3046000b 1470 1471 -1 1479
91100000 1471 1472 1475 1480
72320000 1472 1473 1474 1481
4020fffc 1473 1475 -1 1482
66600001 1474 1476 -1 -1
3046000b 1475 -1 -1 -1
91100000 1476 -1 -1 -1
b21a0000 1478 1479 1484 1485
10520013 1479 1480 -1 1486
02500013 1480 1481 1497 1498
92200000 1481 1498 1501 1502
10520013 1482 1483 -1 1503
65500001 1483 1484 1485 1504
2000fff5 1484 -1 -1 1505
66600001 1485 1486 1487 1506
3046000b 1486 1488 -1 1507
91100000 1487 1488 1491 1508
72320000 1488 1489 1490 1509
4020fffc 1489 1491 -1 1510
66600001 1499 1500 1501 1511
3046000b 1503 1504 -1 1512
91100000 1504 1505 1508 1513
72320000 1505 1506 1507 1514
4020fffc 1506 1508 -1 1515
66600001 1507 1509 -1 -1
3046000b 1508 -1 -1 -1
91100000 1509 -1 -1 -1
b21a0000 1511 1512 1517 1518
10520013 1512 1513 -1 1519
02500013 1513 1514 1530 1531
92200000 1514 1531 1534 1535
10520013 1515 1516 -1 1536
65500001 1516 1517 1518 1537
2000fff5 1517 -1 -1 1538
66600001 1518 1519 1520 1539
3046000b 1519 1521 -1 1540
91100000 1520 1521 1524 1541
72320000 1521 1522 1523 1542
4020fffc 1522 1524 -1 1543
66600001 1532 1533 1534 1544
3046000b 1536 1537 -1 1545
91100000 1537 1538 1541 1546
72320000 1538 1539 1540 1547
4020fffc 1539 1541 -1 1548
66600001 1540 1542 -1 -1
3046000b 1541 -1 -1 -1
91100000 1542 -1 -1 -1
b21a0000 1544 1545 1550 1551
10520013 1545 1546 -1 1552
02500013 1546 1547 1563 1564
92200000 1547 1564 1567 1568
10520013 1548 1549 -1 1569
65500001 1549 1550 1551 1570
2000fff5 1550 -1 -1 1571
66600001 1551 1552 1553 1572
3046000b 1552 1554 -1 1573
91100000 1553 1554 1557 1574
72320000 1554 1555 1556 1575
4020fffc 1555 1557 -1 1576
66600001 1565 1566 1567 1577
3046000b 1569 1570 -1 1578
91100000 1570 1571 1574 1579
72320000 1571 1572 1573 1580
4020fffc 1572 1574 -1 1581
66600001 1573 1575 -1 -1
3046000b 1574 -1 -1 -1
91100000 1575 -1 -1 -1
b21a0000 1577 1578 1583 1584
10520013 1578 1579 -1 1585
02500013 1579 1580 1596 1597
92200000 1580 1597 1600 1601
10520013 1581 1582 -1 1602
65500001 1582 1583 1584 1603
2000fff5 1583 -1 -1 1604
66600001 1584 1585 1586 1605
3046000b 1585 1587 -1 1606
91100000 1586 1587 1590 1607
72320000 1587 1588 1589 1608
4020fffc 1588 1590 -1 1609
66600001 1598 1599 1600 1610
3046000b 1602 1603 -1 1611
91100000 1603 1604 1607 1612
72320000 1604 1605 1606 1613
4020fffc 1605 1607 -1 1614
66600001 1606 1608 -1 -1
3046000b 1607 -1 -1 -1
91100000 1608 -1 -1 -1
b21a0000 1610 1611 1616 1617
10520013 1611 1612 -1 1618
02500013 1612 1613 1629 1630
92200000 1613 1630 1633 1634
10520013 1614 1615 -1 1635
65500001 1615 1616 1617 1636
2000fff5 1616 -1 -1 1637
66600001 1617 1618 1619 1638
3046000b 1618 1620 -1 1639
91100000 1619 1620 1623 1640
72320000 1620 1621 1622 1641
4020fffc 1621 1623 -1 1642
66600001 1631 1632 1633 1643
3046000b 1635 1636 -1 1644
91100000 1636 1637 -1 -1
72320000 1637 -1 -1 -1
c0000000 1639 -1 -1 1645
41f80000 1640 1641 -1 -1
424c0000 1641 1642 -1 -1
428e0000 1642 1643 -1 -1
42b60000 1643 -1 -1 -1
424c0000 1645 -1 -1 -1
